2   3    5   4
4
7
2   54   80   2
30
2   1   13   24    2   ( 1 , 3 ) , ( 84 , 17 ) ,
3   2   42   52    5   ( 13 , 6 ) , ( 35 , 14 ) , ( 46 , 3 ) , ( 51 , 4 ) , ( 32 , 10 ) ,
4   3   2    11    0
4   4   57   56    5   ( 23 , 7 ) , ( 43 , 18 ) , ( 54 , 2 ) , ( 65 , 5 ) , ( 44 , 12 ) ,
4   5   39   33    4   ( 32 , 17 ) , ( 36 , 19 ) , ( 46 , 2 ) , ( 52 , 20 ) , 
6   6   21   65    1   ( 46 , 25 ) , 
7   7   25   49    5   ( 1 , 29 ) , ( 84 , 16 ) , ( 37 , 2 ) , ( 63 , 35 ) , ( 27 , 14 ) ,
8   8   14   8     0
8   9   41   17    2   ( 20 , 31 ) , ( 32 , 5 ) ,
8   10  17   39    6   ( 18 , 13 ) , ( 34 , 12 ) , ( 45 , 21 ) , ( 28 , 5 ) , ( 63 , 11 ) , ( 16 , 10 ) ,
9   11  20   26    0
9   12  13   43    5   ( 22 , 15 ) , ( 37 , 32 ) , ( 58 , 21 ) , ( 52 , 6 ) , ( 26 , 13 ) ,
9   13  70   59    2   ( 19 , 7 ) , ( 55 , 13 ) , 
9   14  53   61    3   ( 10 , 3 ) , ( 32 , 15 ) , ( 47 , 24 ) ,
10  15  18   19    0
10  16  68   22    0
11  17  91   70    4   ( 85 , 17 ) , ( 48 , 33 ) , ( 120 , 12 ) , ( 5 , 5 ) , 
12  18  24   63    5   ( 12 , 7 ) , ( 34 , 13 ) , ( 44 , 2 ) , ( 52 , 5 ) , ( 56 , 10 ) ,
12  19  47   47    0
13  20  29   36    0
13  21  35   57    0
13  22  48   60    3   ( 39 , 11 ) , ( 39 , 16 ) , ( 49 , 22 ) , 
14  23  51   71    0
15  24  2    13    2   ( 17 , 12 ) , ( 66 , 19 ) ,
16  25  16   28    5   ( 71 , 7 ) , ( 62 , 13 ) , ( 45 , 27 ) , ( 53 , 9 ) , ( 56 , 14 ) ,
16  26  7    19    0
17  27  37   46    6   ( 15 , 9 ) , ( 30 , 10 ) , ( 48 , 35 ) , ( 28 , 15 ) , ( 80 , 13 ) , ( 76 , 2 ) , 
17  28  46   59    4   ( 20 , 4 ) , ( 73 , 14 ) , ( 40 , 23 ) , ( 59 , 6 ) , 
18  29  94   108   4   ( 11 , 11 ) , ( 47 , 9 ) , ( 42 , 27 ) , ( 62 , 8 ) , 
19  30  73   112   0
SIGKILL TIMES
5   1
5   4
5   2
7   3
12  2
14  5
14  8
18  2
19  1
24  4