7 0 0 0
0
7
2   54   80   2
35
1   1   50   60    2   ( 9 , 1 ) , ( 35 , 17 ) ,
1   2   60   70    5   ( 12 , 7 ) , ( 34 , 13 ) , ( 44 , 2 ) , ( 52 , 5 ) , ( 56 , 10 ) ,
2   3   25   40    1  ( 5 , 6 ) ,
2   4   50   56    0
3   5   31   61    0
3   6   9    11    0
3   7   18   26    0
4   8   25   50    0
4   9   54   60    7   ( 5 , 5 ) , ( 13 , 2 ) , ( 21 , 1 ) , ( 27 , 4 ) , ( 33 , 2 ) , ( 36 , 7 ) , ( 49 , 1 ) ,
5   10  40   48    2   ( 20 , 7 ) , ( 33 , 19 ) ,
5   11  55   60    5   ( 1 , 7 ) , ( 18 , 10 ) , ( 21 , 2 ) , ( 36 , 5 ) , ( 49 , 10 ) , 
5   12  10   11    1   ( 8 , 5 ) ,
5   13  17   24    0
7   14  19   30    1   ( 14 , 8 ) ,
10  15  22   34    0
10  16  48  59   2   ( 2 , 5 ) , ( 5 , 17 ) ,
13  17  29  34   5   ( 5 , 7 ) , ( 7 , 13 ) , ( 10 , 2 ) , ( 12 , 5 ) , ( 17 , 10 ) ,
13  18  38  58   0
13  19  24  39   2   ( 2 , 22 ) , ( 20 , 5 ) ,
15  20  38  46   4   ( 12 , 7 ) , ( 22 , 13 ) , ( 32 , 2 ) , ( 37 , 5 ) ,  
15  21  60  78   5   ( 12 , 7 ) , ( 34 , 13 ) , ( 44 , 2 ) , ( 52 , 5 ) , ( 56 , 10 ) ,
16  22  72  68   7   ( 12 , 7 ) , ( 20 , 11 ) , ( 35 , 8 ) , ( 48 , 10 ) , ( 53 , 9 ) , ( 59 , 13 ) , ( 65 , 16 ) ,
17  23  39  53   0
18  24 10 30 3   ( 4 , 10 ) , ( 7 , 12 ) , ( 9 , 17 ) ,
18  25 33 46 0   
19  26  58  75   5   ( 1 , 7 ) , ( 18 , 10 ) , ( 21 , 2 ) , ( 36 , 5 ) , ( 49 , 10 ) , 
19  27  64  79   0
20  28  56  60   0
20  29  19  30   1   ( 14 , 8 ) ,
21  30  46  57   0
22  31  10  22   2   ( 2 , 5 ) , ( 5 , 17 ) ,
25  32  58  72   7   ( 3 , 7 ) , ( 8 , 13 ) , ( 10 , 5 ) , ( 12 , 11 ) , ( 16 , 10 ) , ( 25 , 8 ) , ( 35 , 8 ) ,
25  33  70  92   0   
26  34  26  35   2   ( 1 , 3 ) , ( 84 , 17 ) ,
26  35  42  56   1   ( 3 , 5 ) ,
SIGKILL TIMES
12  2
14  5
14  8
2   7    
35  24
50  8