3  3  3  3
4
7
2   1   13   2
40
2   1   13   24    2   ( 1 , 3 ) , ( 10 , 5 ) ,
3   2   42   52    5   ( 13 , 6 ) , ( 35 , 14 ) , ( 46 , 3 ) , ( 51 , 4 ) , ( 32 , 10 ) ,
4   3   2    11    0
4   4   57   56    5   ( 23 , 7 ) , ( 43 , 18 ) , ( 54 , 2 ) , ( 30 , 5 ) , ( 44 , 12 ) ,
4   5   70   90    4   ( 32 , 17 ) , ( 36 , 19 ) , ( 46 , 2 ) , ( 52 , 20 ) , 
5   6   21   65    1   ( 12 , 18 ) , 
5   7   60   79    5   ( 1 , 29 ) , ( 25 , 16 ) , ( 37 , 2 ) , ( 40 , 35 ) , ( 27 , 14 ) ,
6   8   14   8     0
6   9   41   17    2   ( 28 , 31 ) , ( 25 , 11 ) ,
7   10  40   76   2   ( 6 , 7 ) , ( 35 , 15 ) ,
7   11  55   62   5   ( 1 , 7 ) , ( 18 , 10 ) , ( 21 , 2 ) , ( 36 , 5 ) , ( 49 , 10 ) , 
8   12  10   29   1   ( 5 , 7 ) ,
9   13  17   38   2   ( 2 , 3 ) , ( 10 , 12 ) ,
9   14  19   28   1   ( 14 , 8 ) ,
9   15  25   33   3   ( 7 , 9 ) , ( 18 , 11 ) , ( 23 , 16 ) ,
10  16  48   59   2   ( 2 , 5 ) , ( 5 , 17 ) ,
13  17  29   34   5   ( 5 , 7 ) , ( 7 , 13 ) , ( 10 , 2 ) , ( 12 , 5 ) , ( 17 , 10 ) ,
13  18  38   58   0
13  19  24   39   2   ( 2 , 22 ) , ( 20 , 5 ) ,
15  20  38   46   4   ( 12 , 7 ) , ( 22 , 13 ) , ( 32 , 2 ) , ( 37 , 5 ) ,  
15  21  60   78   5   ( 12 , 7 ) , ( 34 , 13 ) , ( 44 , 2 ) , ( 52 , 5 ) , ( 56 , 10 ) ,
16  22  72   68   7   ( 12 , 7 ) , ( 20 , 11 ) , ( 35 , 8 ) , ( 48 , 10 ) , ( 53 , 9 ) , ( 59 , 13 ) , ( 65 , 16 ) ,
17  23  39   53   0
18  24  10   30   3   ( 4 , 10 ) , ( 7 , 12 ) , ( 9 , 17 ) ,
18  25  33   46   0   
19  26  45  60    0   
19  27  40  55    1   ( 23 , 11 ) ,
19  28  27  35    4   ( 3 , 10 ) , ( 5 , 7 ) , ( 11 , 4 ) , ( 15 , 2 ) ,
20  29  13  20    0
21  30  15  32    5   ( 2 , 5 ) , ( 6 , 10 ) , ( 8 , 3 ) , ( 11 , 7 ) , ( 14 , 9 ) , 
21  31  10  22    2   ( 2 , 5 ) , ( 5 , 17 ) ,
22  32  58  72    7   ( 3 , 7 ) , ( 8 , 13 ) , ( 10 , 5 ) , ( 12 , 11 ) , ( 16 , 10 ) , ( 25 , 8 ) , ( 35 , 8 ) ,
22  33  70  92    0   
23  34  26  35    2   ( 1 , 3 ) , ( 8 , 17 ) ,
24  35  42  56    1   ( 3 , 5 ) ,
25  36  15  31    3   ( 2 , 12 ) , ( 10 , 5 ) , ( 3 , 14 ) ,
25  37  34  43    0
26  38  61  79    0
26  39  45  56    4   ( 5 , 5 ) , ( 13 , 2 ) , ( 21 , 1 ) , ( 27 , 7 ) ,
27  40  30  43    2   ( 6 , 7 ) , ( 7 , 15 ) ,
SIGKILL TIMES
25  2    
20  7
30  10
30  17
45  18
50  21