TT    PID   AT    CT    IO_D        WT    RT    TRT   
6     3     1     4     0           1     0     5     
6     33    3     2     0           3     0     3     
16    15    5     10    0           1     0     11    
23    10    4     18    0           1     0     19    
30    11    4     25    0           1     0     26    
33    5     1     31    0           1     0     32    
34    7     3     26    0           5     4     31    
34    35    9     24    0           25    0     25    
34    36    20    13    0           14    0     14    
34    1     1     10    3           23    0     33    
34    24    9     2     0           23    22    25    
43    31    2     39    0           2     1     41    
43    34    6     36    0           30    29    37    
44    6     3     29    0           12    11    41    
44    9     3     9     0           32    31    41    
47    8     3     4     0           40    0     44    
47    20    7     29    0           11    10    40    
53    4     1     50    0           2     0     52    
53    37    27    24    0           16    16    26    
61    16    6     17    0           38    29    55    
69    26    10    7     0           52    4     59    
75    17    6     19    0           50    0     69    
85    25    10    19    0           56    55    75    
88    2     1     40    20          47    0     87    
88    40    76    24    0           1     1     12    
88    32    3     38    0           59    59    85    
94    28    14    45    0           35    34    80    
102   19    6     48    0           48    45    96    
102   43    97    4     0           5     0     5     
118   12    4     30    0           84    0     114   
121   23    9     50    0           62    26    112   
121   38    58    37    0           32    31    63    
121   41    93    33    0           28    0     28    
121   44    104   22    0           0     0     17    
121   42    94    32    0           9     0     27    
122   21    7     33    0           82    63    115   
122   22    9     42    0           71    2     113   
125   18    6     22    0           97    2     119   
129   27    14    30    0           85    9     115   
131   14    5     55    0           71    39    126   
131   39    59    40    0           46    44    72    
131   45    110   33    0           18    18    21    
131   46    129   16    0           2     0     2     
134   13    4     40    0           90    0     130   
135   29    15    90    0           30    23    120   
199   30    20    77    0           102   34    179   
Processes: 46
Avg WT = 33,       Avg RT = 13,       Avg TRT = 57
Migration %:       RTF=15%,       MaxW=13%
Work Steal%: 4%
Forked Processes :34%
Killed Processes :32% 
Processes finished before their deadline :10% 


Processor: 11 [4 FCFS, 3 SJF, 2 RR, 2 EDF]
Processors Load
p1=4%,    p2=4%,    p3=4%,    p4=3%,    p5=4%,    p6=6%,    p7=4%,    p8=4%,    p9=4%,    p10=4%,    p11=3%,    

Processors Utiliz
p1=60%,    p2=60%,    p3=62%,    p4=51%,    p5=60%,    p6=87%,    p7=58%,    p8=59%,    p9=61%,    p10=61%,    p11=45%,    
Avg utilization = 60.83%